0.000000 -9.167393 -0.910151 6.696344
0.010000 -8.472803 -2.767884 6.680264
0.020000 -8.013783 -4.481098 6.799121
0.030000 -7.756058 -6.088168 7.031055
0.040000 -7.672010 -7.622018 7.367451
0.050000 -7.739491 -9.109447 7.809294
0.060000 -7.940701 -10.570818 8.364710
0.070000 -8.261149 -12.019762 9.047251
0.080000 -8.688677 -13.462739 9.874585
0.090000 -9.212525 -14.898368 10.867291
0.100000 -9.822414 -16.316566 12.047509
0.110000 -10.507623 -17.697577 13.437201
0.120000 -11.256063 -19.011082 15.055844
0.130000 -12.053380 -20.215715 16.917395
0.140000 -12.882123 -21.259369 19.026514
0.150000 -13.721082 -22.080833 21.374241
0.160000 -14.544932 -22.613283 23.933575
0.170000 -15.324350 -22.789972 26.655809
0.180000 -16.026766 -22.552101 29.468756
0.190000 -16.617874 -21.858191 32.278130
0.200000 -17.063911 -20.693466 34.973068
0.210000 -17.334520 -19.077150 37.435993
0.220000 -17.405848 -17.065365 39.555725
0.230000 -17.263336 -14.748022 41.241520
0.240000 -16.903650 -12.239573 42.434906
0.250000 -16.335304 -9.665233 43.116409
0.260000 -15.577817 -7.145750 43.305641
0.270000 -14.659571 -4.784085 43.055065
0.280000 -13.614805 -2.656587 42.439461
0.290000 -12.480325 -0.809682 41.543934
0.300000 -11.292455 0.738481 40.453091
0.310000 -10.084618 1.992989 39.243027
0.320000 -8.885712 2.975601 37.976719
0.330000 -7.719275 3.718194 36.702450
0.340000 -6.603315 4.257223 35.454464
0.350000 -5.550605 4.629601 34.254932
0.360000 -4.569283 4.870008 33.116455
0.370000 -3.663584 5.009377 32.044575
0.380000 -2.834606 5.074288 31.039978
0.390000 -2.081027 5.086919 30.100279
0.400000 -1.399741 5.065359 29.221357
0.410000 -0.786395 5.024081 28.398314
0.420000 -0.235827 4.974482 27.626102
0.430000 0.257591 4.925400 26.899929
0.440000 0.699688 4.883594 26.215466
0.450000 1.096300 4.854161 25.568962
0.460000 1.453125 4.840891 24.957272
0.470000 1.775627 4.846555 24.377838
0.480000 2.068978 4.873150 23.828651
0.490000 2.338016 4.922093 23.308201
0.500000 2.587231 4.994371 22.815422
0.510000 2.820765 5.090668 22.349651
0.520000 3.042422 5.211455 21.910587
0.530000 3.255678 5.357064 21.498257
0.540000 3.463707 5.527736 21.112991
0.550000 3.669401 5.723656 20.755415
0.560000 3.875393 5.944973 20.426434
0.570000 4.084077 6.191801 20.127230
0.580000 4.297627 6.464214 19.859274
0.590000 4.518018 6.762225 19.624319
0.600000 4.747031 7.085753 19.424414
0.610000 4.986265 7.434580 19.261909
0.620000 5.237135 7.808293 19.139463
0.630000 5.500874 8.206213 19.060038
0.640000 5.778512 8.627312 19.026890
0.650000 6.070867 9.070116 19.043552
0.660000 6.378509 9.532598 19.113794
0.670000 6.701731 10.012053 19.241562
0.680000 7.040504 10.504974 19.430887
0.690000 7.394422 11.006922 19.685764
0.700000 7.762645 11.512393 20.009987
0.710000 8.143834 12.014719 20.406929
0.720000 8.536084 12.505980 20.879292
0.730000 8.936854 12.976981 21.428778
0.740000 9.342910 13.417287 22.055746
0.750000 9.750278 13.815358 22.758808
0.760000 10.154219 14.158800 23.534441
0.770000 10.549240 14.434748 24.376598
0.780000 10.929145 14.630389 25.276413
0.790000 11.287136 14.733634 26.222000
0.800000 11.615978 14.733889 27.198450
0.810000 11.908223 14.622894 28.188044
0.820000 12.156493 14.395553 29.170729
0.830000 12.353808 14.050649 30.124870
0.839999 12.493948 13.591365 31.028250
0.849999 12.571809 13.025496 31.859228
0.859999 12.583735 12.365301 32.597984
0.869999 12.527779 11.626974 33.227692
0.879999 12.403875 10.829753 33.735489
0.889999 12.213900 9.994773 34.113144
0.899999 11.961597 9.143773 34.357327
0.909999 11.652405 8.297813 34.469471
0.919999 11.293164 7.476136 34.455292
0.929999 10.891772 6.695273 34.324005
0.939999 10.456793 5.968475 34.087402
0.949999 9.997066 5.305458 33.758858
0.959999 9.521343 4.712452 33.352417
0.969999 9.037981 4.192482 32.881992
0.979999 8.554688 3.745818 32.360764
0.989999 8.078356 3.370500 31.800755
0.999999 7.614945 3.062898 31.212578
1.009999 7.169447 2.818237 30.605349
1.019999 6.745888 2.631067 29.986706
1.029999 6.347373 2.495647 29.362907
1.039999 5.976166 2.406259 28.738991
1.049999 5.633781 2.357431 28.118935
1.059999 5.321088 2.344101 27.505844
1.069999 5.038414 2.361710 26.902115
1.079999 4.785648 2.406262 26.309584
1.089999 4.562338 2.474335 25.729658
1.099999 4.367777 2.563078 25.163431
1.109999 4.201081 2.670181 24.611767
1.119999 4.061253 2.793838 24.075375
1.129999 3.947244 2.932706 23.554871
1.139999 3.857996 3.085859 23.050821
1.149999 3.792483 3.252738 22.563784
1.159999 3.749738 3.433111 22.094336
1.169999 3.728880 3.627029 21.643103
1.179999 3.729126 3.834788 21.210777
1.189999 3.749809 4.056890 20.798149
1.199999 3.790380 4.294013 20.406115
1.209999 3.850415 4.546977 20.035709
1.219999 3.929613 4.816715 19.688122
1.229999 4.027796 5.104240 19.364719
1.239999 4.144900 5.410612 19.067072
1.249999 4.280970 5.736906 18.796978
1.259999 4.436149 6.084172 18.556486
1.269999 4.610662 6.453389 18.347931
1.279999 4.804801 6.845412 18.173952
1.289999 5.018901 7.260910 18.037519
1.299999 5.253321 7.700292 17.941956
1.309999 5.508405 8.163619 17.890949
1.319999 5.784451 8.650497 17.888556
1.329999 6.081662 9.159962 17.939188
1.339999 6.400100 9.690335 18.047583
1.349999 6.739619 10.239077 18.218735
1.359999 7.099797 10.802613 18.457802
1.369999 7.479855 11.376166 18.769957
1.379999 7.878568 11.953579 19.160187
1.389999 8.294168 12.527164 19.633026
1.399999 8.724247 13.087581 20.192215
1.409999 9.165651 13.623786 20.840290
1.419999 9.614398 14.123069 21.578098
1.429999 10.065598 14.571218 22.404270
1.439999 10.513416 14.952855 23.314667
1.449999 10.951071 15.251954 24.301859
1.459999 11.370900 15.452575 25.354702
1.469999 11.764495 15.539788 26.458090
1.479999 12.122917 15.500764 27.592962
1.489999 12.437007 15.325934 28.736650
1.499999 12.697771 15.010120 29.863615
1.509999 12.896830 14.553473 30.946566
1.519999 13.026899 13.962077 31.957914
1.529999 13.082262 13.248092 32.871449
1.539999 13.059182 12.429335 33.664021
1.549999 12.956212 11.528322 34.317078
1.559999 12.774354 10.570845 34.817810
1.569999 12.517059 9.584240 35.159782
1.579999 12.190053 8.595585 35.342979
1.589999 11.801012 7.630014 35.373295
1.599999 11.359122 6.709363 35.261551
1.609999 10.874576 5.851241 35.022236
1.619999 10.358046 5.068587 34.672138
1.629999 9.820193 4.369670 34.229038
1.639999 9.271240 3.758444 33.710571
1.649999 8.720626 3.235159 33.133354
1.659999 8.176765 2.797099 32.512405
1.669999 7.646904 2.439353 31.860802
1.679999 7.137053 2.155547 31.189568
1.689999 6.652000 1.938478 30.507734
1.699999 6.195374 1.780640 29.822500
1.709999 5.769746 1.674623 29.139460
1.719999 5.376753 1.613406 28.462854
1.729999 5.017237 1.590545 27.795826
1.739999 4.691378 1.600288 27.140646
1.749999 4.398828 1.637626 26.498917
1.759999 4.138830 1.698298 25.871742
1.769999 3.910331 1.778767 25.259869
1.779999 3.712073 1.876173 24.663794
1.789999 3.542678 1.988279 24.083847
1.799999 3.400713 2.113408 23.520266
1.809999 3.284745 2.250380 22.973232
1.819999 3.193389 2.398453 22.442923
1.829999 3.125339 2.557267 21.929529
1.839999 3.079396 2.726794 21.433281
1.849999 3.054484 2.907291 20.954466
1.859999 3.049670 3.099263 20.493450
1.869999 3.064166 3.303427 20.050686
1.879999 3.097336 3.520682 19.626732
1.889999 3.148700 3.752085 19.222271
1.899999 3.217929 3.998825 18.838127
1.909999 3.304845 4.262204 18.475286
1.919999 3.409414 4.543612 18.134920
1.929999 3.531742 4.844510 17.818411
1.939999 3.672067 5.166403 17.527380
1.949998 3.830748 5.510812 17.263725
1.959998 4.008253 5.879241 17.029648
1.969998 4.205148 6.273133 16.827698
1.979998 4.422076 6.693821 16.660805
1.989998 4.659738 7.142460 16.532326
1.999998 4.918866 7.619945 16.446074
2.009999 5.200193 8.126813 16.406353
2.019999 5.504409 8.663116 16.417982
2.029999 5.832114 9.228280 16.486300
2.039999 6.183761 9.820921 16.617147
2.049999 6.559578 10.438652 16.816822
2.059999 6.959489 11.077848 17.091978
2.069999 7.383009 11.733405 17.449474
2.079998 7.829133 12.398476 17.896141
2.089998 8.296204 13.064225 18.438463
2.099998 8.781776 13.719616 19.082148
2.109998 9.282477 14.351264 19.831579
2.119998 9.793862 14.943414 20.689167
2.129998 10.310304 15.478086 21.654585
2.139998 10.824903 15.935454 22.723965
2.149998 11.329469 16.294516 23.889095
2.159998 11.814572 16.534073 25.136730
2.169998 12.269708 16.634043 26.448145
2.179998 12.683573 16.577032 27.799057
2.189998 13.044488 16.350063 29.160070
2.199998 13.340930 15.946266 30.497717
2.209998 13.562176 15.366283 31.776114
2.219998 13.698983 14.619153 32.959152
2.229998 13.744265 13.722429 34.012985
2.239998 13.693664 12.701435 34.908550
2.249998 13.545961 11.587655 35.623734
2.259998 13.303259 10.416449 36.144886
2.269998 12.970901 9.224384 36.467461
2.279998 12.557156 8.046568 36.595726
2.289998 12.072675 6.914317 36.541634
2.299998 11.529823 5.853447 36.323086
2.309998 10.941938 4.883304 35.961906
2.319998 10.322602 4.016534 35.481800
2.329998 9.684999 3.259483 34.906555
2.339998 9.041392 2.613037 34.258636
2.349998 8.402739 2.073716 33.558216
2.359998 7.778459 1.634830 32.822651
2.369998 7.176329 1.287584 32.066296
2.379998 6.602489 1.022035 31.300611
2.389998 6.061520 0.827859 30.534431
2.399998 5.556594 0.694932 29.774324
2.409998 5.089643 0.613732 29.024994
2.419998 4.661550 0.575590 28.289661
2.429998 4.272333 0.572826 27.570412
2.439998 3.921330 0.598798 26.868484
2.449998 3.607361 0.647883 26.184521
2.459998 3.328866 0.715424 25.518742
2.469998 3.084039 0.797652 24.871103
2.479998 2.870922 0.891595 24.241394
2.489998 2.687499 0.994984 23.629314
2.499998 2.531756 1.106160 23.034531
2.509998 2.401744 1.223990 22.456707
2.519998 2.295609 1.347790 21.895535
2.529998 2.211631 1.477259 21.350742
2.539998 2.148238 1.612413 20.822107
2.549998 2.104026 1.753544 20.309462
2.559998 2.077761 1.901172 19.812700
2.569998 2.068386 2.056014 19.331785
2.579998 2.075023 2.218957 18.866747
2.589998 2.096968 2.391037 18.417696
2.599998 2.133688 2.573422 17.984829
2.609998 2.184821 2.767403 17.568438
2.619998 2.250165 2.974382 17.168924
2.629998 2.329676 3.195870 16.786816
2.639998 2.423465 3.433481 16.422783
2.649998 2.531789 3.688927 16.077662
2.659998 2.655050 3.964017 15.752478
2.669998 2.793785 4.260649 15.448480
2.679998 2.948668 4.580801 15.167174
2.689998 3.120499 4.926519 14.910364
2.699998 3.310199 5.299898 14.680197
2.709998 3.518801 5.703049 14.479214
2.719998 3.747442 6.138065 14.310410
2.729998 3.997346 6.606959 14.177295
2.739998 4.269804 7.111595 14.083961
2.749998 4.566153 7.653587 14.035148
2.759998 4.887737 8.234171 14.036313
2.769998 5.235865 8.854044 14.093685
2.779998 5.611756 9.513160 14.214310
2.789998 6.016460 10.210480 14.406063
2.799998 6.450770 10.943671 14.677627
2.809998 6.915104 11.708759 15.038395
2.819998 7.409368 12.499723 15.498300
2.829998 7.932786 13.308069 16.067513
2.839998 8.483709 14.122385 16.755999
2.849998 9.059405 14.927935 17.572891
2.859998 9.655823 15.706340 18.525652
2.869998 10.267364 16.435450 19.619013
2.879998 10.886679 17.089485 20.853729
2.889998 11.504509 17.639601 22.225191
2.899998 12.109625 18.054949 23.722031
2.909998 12.688896 18.304354 25.324909
2.919998 13.227552 18.358585 27.005747
2.929998 13.709649 18.193129 28.727673
2.939998 14.118778 17.791195 30.445971
2.949998 14.438986 17.146570 32.110172
2.959998 14.655848 16.265791 33.667294
2.969998 14.757598 15.169142 35.065907
2.979998 14.736170 13.890095 36.260582
2.989998 14.588003 12.473080 37.215973
